DEVICE: JBL PartyLight Stick
ADDRESS: 08:79:FF:1E:98:19
CONNECTED

Escutando: 65786365-6c70-6f69-6e74-2e636f6d0001
Escutando: 0000fea2-0000-1000-8000-00805f9b34fb

=== MONITORANDO ===
Agora mexa na iluminação pelo celular.
Pressione CTRL+C para encerrar.

NOTIFY 65786365-6c70-6f69-6e74-2e636f6d0001 (Handle: 32772): Unknown: aa 32 32 00 31 01 0a 32 03 00 00 00 45 01 64 46 01 64 47 02 00 00 36 01 00 4a 14 08 18 16 17 02 09 0a 0b 0c 0d 19 1a 1b 10 11 12 1f 20 21 22 48 01 00 49 01 01
NOTIFY 65786365-6c70-6f69-6e74-2e636f6d0001 (Handle: 32772): Unknown: aa 12 31 00 31 02 21 09 32 01 01 37 06 08 79 ff 1e 98 19 3c 01 00 40 10 52 54 30 30 36 35 2d 42 50 30 31 30 39 33 33 32 41 03 00 05 03 45 01 01 4a 02 00 00
NOTIFY 65786365-6c70-6f69-6e74-2e636f6d0001 (Handle: 32772): Unknown: aa 32 32 00 31 01 09 32 03 00 00 00 45 01 64 46 01 64 47 02 00 00 36 01 00 4a 14 08 18 16 17 02 09 0a 0b 0c 0d 19 1a 1b 10 11 12 1f 20 21 22 48 01 00 49 01 01
NOTIFY 65786365-6c70-6f69-6e74-2e636f6d0001 (Handle: 32772): Unknown: aa 12 31 00 31 02 21 09 32 01 01 37 06 08 79 ff 1e 98 19 3c 01 00 40 10 52 54 30 30 36 35 2d 42 50 30 31 30 39 33 33 32 41 03 00 05 03 45 01 01 4a 02 00 00
NOTIFY 65786365-6c70-6f69-6e74-2e636f6d0001 (Handle: 32772): Unknown: aa 32 32 00 31 01 0a 32 03 00 00 00 45 01 64 46 01 64 47 02 00 00 36 01 00 4a 14 08 18 16 17 02 09 0a 0b 0c 0d 19 1a 1b 10 11 12 1f 20 21 22 48 01 00 49 01 01
NOTIFY 65786365-6c70-6f69-6e74-2e636f6d0001 (Handle: 32772): Unknown: aa 12 31 00 31 02 21 09 32 01 01 37 06 08 79 ff 1e 98 19 3c 01 00 40 10 52 54 30 30 36 35 2d 42 50 30 31 30 39 33 33 32 41 03 00 05 03 45 01 01 4a 02 00 00
NOTIFY 65786365-6c70-6f69-6e74-2e636f6d0001 (Handle: 32772): Unknown: aa 32 32 00 31 01 09 32 03 00 00 00 45 01 64 46 01 64 47 02 00 00 36 01 00 4a 14 08 18 16 17 02 09 0a 0b 0c 0d 19 1a 1b 10 11 12 1f 20 21 22 48 01 00 49 01 01
NOTIFY 65786365-6c70-6f69-6e74-2e636f6d0001 (Handle: 32772): Unknown: aa 12 31 00 31 02 21 09 32 01 01 37 06 08 79 ff 1e 98 19 3c 01 00 40 10 52 54 30 30 36 35 2d 42 50 30 31 30 39 33 33 32 41 03 00 05 03 45 01 01 4a 02 00 00
NOTIFY 65786365-6c70-6f69-6e74-2e636f6d0001 (Handle: 32772): Unknown: aa 32 32 00 31 01 18 32 03 00 00 00 45 01 64 46 01 64 47 02 00 00 36 01 00 4a 14 08 18 16 17 02 09 0a 0b 0c 0d 19 1a 1b 10 11 12 1f 20 21 22 48 01 00 49 01 01
NOTIFY 65786365-6c70-6f69-6e74-2e636f6d0001 (Handle: 32772): Unknown: aa 12 31 00 31 02 21 09 32 01 01 37 06 08 79 ff 1e 98 19 3c 01 00 40 10 52 54 30 30 36 35 2d 42 50 30 31 30 39 33 33 32 41 03 00 05 03 45 01 01 4a 02 00 00
NOTIFY 65786365-6c70-6f69-6e74-2e636f6d0001 (Handle: 32772): Unknown: aa 32 32 00 31 01 16 32 03 00 00 00 45 01 64 46 01 64 47 02 00 00 36 01 00 4a 14 08 18 16 17 02 09 0a 0b 0c 0d 19 1a 1b 10 11 12 1f 20 21 22 48 01 00 49 01 01
NOTIFY 65786365-6c70-6f69-6e74-2e636f6d0001 (Handle: 32772): Unknown: aa 12 31 00 31 02 21 09 32 01 01 37 06 08 79 ff 1e 98 19 3c 01 00 40 10 52 54 30 30 36 35 2d 42 50 30 31 30 39 33 33 32 41 03 00 05 03 45 01 01 4a 02 00 00
NOTIFY 65786365-6c70-6f69-6e74-2e636f6d0001 (Handle: 32772): Unknown: aa 32 32 00 31 01 16 32 03 ff 00 c3 45 01 64 46 01 64 47 02 00 00 36 01 01 4a 14 08 18 16 17 02 09 0a 0b 0c 0d 19 1a 1b 10 11 12 1f 20 21 22 48 01 00 49 01 01
NOTIFY 65786365-6c70-6f69-6e74-2e636f6d0001 (Handle: 32772): Unknown: aa 12 31 00 31 02 21 09 32 01 01 37 06 08 79 ff 1e 98 19 3c 01 00 40 10 52 54 30 30 36 35 2d 42 50 30 31 30 39 33 33 32 41 03 00 05 03 45 01 01 4a 02 00 00
